32 289
7 3
9 28
21 20
9 11
22 25
23 30
24 22
30 19
7 15
9 26
13 21
14 22
3 15
3 6
7 19
15 24
5 2
14 1
17 27
16 28
23 21
14 32
28 9
25 15
23 2
6 21
25 31
12 2
26 28
8 31
3 25
30 25
32 24
15 21
18 12
4 27
1 28
19 21
2 31
14 7
15 10
28 11
13 26
1 27
20 9
18 1
11 16
12 27
31 19
17 11
22 29
26 1
30 22
18 30
20 8
32 4
32 21
25 6
29 30
4 6
27 14
29 26
4 24
20 31
7 31
23 27
17 23
1 24
6 7
13 28
9 32
14 18
6 14
30 12
30 26
4 31
7 21
14 31
29 23
15 32
2 21
21 11
14 30
31 14
18 17
5 30
22 27
6 12
14 9
5 16
19 17
1 15
30 11
9 1
4 17
13 16
6 25
11 32
26 17
9 22
17 18
7 29
26 12
5 14
28 3
11 1
29 14
22 8
16 11
5 24
8 32
20 17
26 10
13 5
28 20
13 17
2 20
1 13
2 32
6 1
7 4
32 22
10 20
15 13
29 27
5 7
4 21
16 24
15 27
19 32
3 8
17 21
31 17
24 4
18 2
26 25
15 26
29 15
22 4
27 19
3 24
12 23
10 1
29 5
23 4
16 1
12 7
28 1
23 8
9 24
3 14
5 17
30 6
4 3
14 23
15 3
21 26
15 18
10 23
31 13
23 14
10 26
1 11
21 14
25 3
9 19
5 6
32 25
9 6
14 17
18 27
31 24
5 15
30 8
25 7
20 28
8 20
19 28
3 13
11 15
22 11
28 32
5 28
24 32
19 6
11 7
5 11
17 20
1 6
21 7
14 16
31 8
13 24
15 14
16 29
21 24
16 15
27 17
31 15
2 7
7 11
1 23
6 31
17 13
2 27
20 29
10 15
3 29
1 20
4 26
5 26
1 25
6 19
11 29
13 8
25 13
4 14
25 30
8 10
21 27
30 1
22 2
4 29
8 26
12 25
4 15
12 13
1 5
8 9
26 5
8 24
28 12
32 17
12 29
20 21
9 14
17 16
23 26
31 27
8 14
26 2
20 1
3 17
21 3
32 26
20 14
4 32
29 20
11 12
2 12
9 20
23 20
14 10
9 7
12 3
5 23
8 25
16 19
26 32
28 18
27 2
27 13
19 11
18 24
15 20
18 21
25 9
25 16
24 21
7 10
8 16
3 19
22 30
25 14
30 16
14 4
31 20
13 10
18 7
28 24
18 28
13 14
19 10
11 13
17 25
26 15
16 31
32 11
32 20
