30 102
17 6
30 20
22 20
4 1
3 25
29 16
26 19
10 19
26 21
30 21
28 11
30 4
7 29
5 22
1 15
1 20
14 3
6 22
29 3
29 17
15 28
26 3
5 3
7 28
30 9
26 2
27 10
21 18
13 9
1 7
15 16
23 5
28 17
3 17
9 15
21 27
1 19
27 16
9 22
13 10
16 24
27 29
11 2
10 16
19 27
29 11
18 14
12 28
28 21
20 18
9 20
16 22
6 19
24 23
7 22
10 15
22 30
8 18
8 14
13 29
25 18
19 7
6 11
3 15
30 28
22 17
16 18
20 17
18 4
12 17
30 22
10 7
5 29
20 13
14 26
8 30
14 12
7 12
12 10
20 25
10 4
21 13
5 20
5 6
7 18
4 14
14 21
17 5
21 26
19 16
2 26
20 28
29 5
4 22
6 25
17 4
1 29
22 5
18 10
27 12
21 8
18 27
